==============================================================================
问题3(LightGBM, --epochs 4) 敏感性分析汇总
==============================================================================
基准点: q=0.8, W=60天, 可用容量缩放=1.0(=9600kWh), η=0.9
基准点总费用 = 13798212.44 元（与已知全年结果 13798212.44 元相差 0.0000%）
统计区间: day_idx 31~364，共334天

------------------------------------------------------------------------------
[报童分位数q]
       参数值          计划购电费         调整相关费用        紧急购电费            总费用     紧急天数      紧急时段数
       0.6    12234490.29      198956.84   1684858.70    14118305.84      334      18092
       0.7    12612550.55      108440.39   1161704.84    13882695.78      334      13473
       0.8    13066889.57        -929.44    732252.31    13798212.44      333       9036
       0.9    13813925.73     -131843.35    367204.70    14049287.08      319       4609
      0.95    14841849.29     -162521.76    211398.11    14890725.64      285       2610

------------------------------------------------------------------------------
[安全边际窗口W(天)]
       参数值          计划购电费         调整相关费用        紧急购电费            总费用     紧急天数      紧急时段数
        15    12935007.48       43429.29    869463.35    13847900.13      334      10630
        30    13005900.54        8973.14    776663.25    13791536.94      333       9729
        60    13066889.57        -929.44    732252.31    13798212.44      333       9036
        90    13091450.02        3599.01    708202.48    13803251.50      333       8668
       120    13101426.27        7421.08    691481.03    13800328.38      334       8449

------------------------------------------------------------------------------
[可用容量缩放比例ρ]
       参数值          计划购电费         调整相关费用        紧急购电费            总费用     紧急天数      紧急时段数
       0.5    14920101.57      -39662.09    688056.47    15568495.95      333       8663
      0.75    13916141.31      -23895.18    717746.16    14609992.29      333       8916
         1    13066889.57        -929.44    732252.31    13798212.44      333       9036
       1.5    11863956.43        1684.14    744487.57    12610128.14      333       9138
         2    11096405.24      -30948.25    752737.80    11818194.79      333       9223

------------------------------------------------------------------------------
[往返效率η]
       参数值          计划购电费         调整相关费用        紧急购电费            总费用     紧急天数      紧急时段数
       0.8    13590423.08      -21767.28    735637.45    14304293.25      333       9068
      0.85    13322159.84      -11226.60    734475.02    14045408.26      333       9052
       0.9    13066889.57        -929.44    732252.31    13798212.44      333       9036
      0.95    12820348.71        6956.85    731174.63    13558480.20      333       9020
      0.99    12610194.96        6006.69    729003.46    13345205.11      333       9010
